w=1  0.248310015	0.091636472	0.072004448	0.033139162	0.004026142	0.047026852	0.673283522	0.692552012	0.599674475	0.832982722	0.34913106	0.68232283
w=2  0.244573968	0.086379913	0.065450215	0.031646524	0.002891438	0.043355636	0.669171088	0.677182334	0.572704352	0.82306006	0.416319525	0.667645151
w=3  0.240051389	0.082168597	0.058400584	0.029713743	0.002003754	0.038491421	0.664509392	0.66584859	0.543653262	0.819355853	0.48662754	0.649061014
